<bos> (0,1) 0.03 (0,2) 0.5 (0,5) 0.3 (1,2) 0.27 (1,4) 0.89 (2,4) 0.04 (2,5) 0.21 (3,4) 0.56 (3,5) 0.86 (3,6) 0.42 (4,6) 0.47 <end_of_graph>
<bos> (0,1) 0.03 (0,2) 0.5 (0,5) 0.3 (1,2) 0.27 (1,4) 0.89 (2,4) 0.04 (2,5) 0.21 (3,4) 0.56 (3,5) 0.86 (3,6) 0.42 (4,6) 0.47 <end_of_graph>
<bos> (0,1) 0.22 (0,2) 1.0 (0,4) 0.54 (0,5) 0.74 (1,2) 0.18 (1,3) 0.3 (1,4) 0.78 (1,6) 0.78 (2,3) 0.36 (2,5) 0.28 (2,6) 0.1 (3,4) 0.2 (3,5) 0.99 (4,5) 0.36 (5,6) 0.46 <end_of_graph>
<bos> (0,1) 0.22 (0,2) 1.0 (0,4) 0.54 (0,5) 0.74 (1,2) 0.18 (1,3) 0.3 (1,4) 0.78 (1,6) 0.78 (2,3) 0.36 (2,5) 0.28 (2,6) 0.1 (3,4) 0.2 (3,5) 0.99 (4,5) 0.36 (5,6) 0.46 <end_of_graph>
<bos> (0,1) 0.45 (0,3) 0.51 (0,4) 0.15 (0,5) 0.29 (0,6) 0.95 (1,2) 0.66 (1,3) 0.47 (1,4) 0.05 (1,6) 0.76 (2,5) 0.08 (2,6) 0.7 (3,4) 0.01 (3,5) 0.44 (3,6) 0.6 (4,5) 0.63 (4,6) 0.43 (5,6) 0.15 <end_of_graph>
<bos> (0,1) 0.42 (0,2) 0.64 (0,3) 0.02 (0,4) 0.83 (0,5) 0.57 (0,6) 0.44 (1,2) 0.95 (1,3) 0.89 (1,4) 0.68 (1,5) 0.82 (1,6) 0.4 (2,3) 0.39 (3,4) 0.66 (3,6) 0.89 (4,5) 0.63 (4,6) 0.14 <end_of_graph>
<bos> (0,1) 0.42 (0,2) 0.64 (0,3) 0.02 (0,4) 0.83 (0,5) 0.57 (0,6) 0.44 (1,2) 0.95 (1,3) 0.89 (1,4) 0.68 (1,5) 0.82 (1,6) 0.4 (2,3) 0.39 (3,4) 0.66 (3,6) 0.89 (4,5) 0.63 (4,6) 0.14 <end_of_graph>
<bos> (0,3) 0.97 (0,6) 0.55 (1,2) 0.84 (2,4) 0.4 (2,6) 0.35 (3,4) 0.46 (3,5) 0.24 (3,6) 0.69 (4,5) 0.25 (4,6) 0.9 <end_of_graph>
<bos> (0,3) 0.97 (0,6) 0.55 (1,2) 0.84 (2,4) 0.4 (2,6) 0.35 (3,4) 0.46 (3,5) 0.24 (3,6) 0.69 (4,5) 0.25 (4,6) 0.9 <end_of_graph>
<bos> (0,1) 0.75 (0,2) 0.56 (1,4) 0.4 (1,6) 0.79 (2,3) 0.97 (2,4) 0.17 (2,6) 0.88 (3,5) 0.1 (4,5) 0.09 (4,6) 0.99 <end_of_graph>
<bos> (0,2) 0.24 (0,3) 0.32 (0,4) 0.05 (0,5) 0.66 (0,6) 0.23 (1,2) 0.01 (1,3) 0.08 (1,5) 0.95 (2,3) 0.95 (2,4) 0.85 (2,5) 0.21 (2,6) 0.02 (3,5) 0.06 (4,5) 0.9 (4,6) 0.87 (5,6) 0.25 <end_of_graph>
<bos> (0,2) 0.24 (0,3) 0.32 (0,4) 0.05 (0,5) 0.66 (0,6) 0.23 (1,2) 0.01 (1,3) 0.08 (1,5) 0.95 (2,3) 0.95 (2,4) 0.85 (2,5) 0.21 (2,6) 0.02 (3,5) 0.06 (4,5) 0.9 (4,6) 0.87 (5,6) 0.25 <end_of_graph>
<bos> (0,1) 0.65 (1,2) 0.56 (1,4) 0.6 (1,5) 0.55 (1,6) 0.41 (2,3) 0.73 (2,4) 0.5 (2,5) 0.08 (3,5) 0.79 (3,6) 0.93 (4,5) 0.02 (5,6) 0.78 <end_of_graph>
<bos> (0,1) 0.65 (1,2) 0.56 (1,4) 0.6 (1,5) 0.55 (1,6) 0.41 (2,3) 0.73 (2,4) 0.5 (2,5) 0.08 (3,5) 0.79 (3,6) 0.93 (4,5) 0.02 (5,6) 0.78 <end_of_graph>
<bos> (0,1) 0.47 (0,2) 0.13 (0,3) 0.48 (0,4) 0.02 (0,6) 0.03 (1,2) 0.57 (1,3) 0.06 (1,4) 0.69 (1,5) 0.13 (1,6) 0.01 (2,4) 0.62 (2,5) 0.83 (2,6) 0.13 (3,4) 0.64 (3,5) 0.72 (3,6) 0.4 (4,5) 0.26 (4,6) 0.38 (5,6) 0.95 <end_of_graph>
<bos> (0,1) 0.47 (0,2) 0.13 (0,3) 0.48 (0,4) 0.02 (0,6) 0.03 (1,2) 0.57 (1,3) 0.06 (1,4) 0.69 (1,5) 0.13 (1,6) 0.01 (2,4) 0.62 (2,5) 0.83 (2,6) 0.13 (3,4) 0.64 (3,5) 0.72 (3,6) 0.4 (4,5) 0.26 (4,6) 0.38 (5,6) 0.95 <end_of_graph>
<bos> (0,1) 0.02 (0,2) 0.42 (0,3) 0.84 (0,4) 0.86 (0,5) 0.16 (0,6) 0.3 (1,2) 0.97 (1,3) 0.95 (1,4) 0.54 (1,5) 0.83 (1,6) 0.95 (2,3) 0.19 (2,4) 0.04 (2,5) 0.6 (3,4) 0.68 (3,5) 0.32 (3,6) 0.64 (4,5) 0.6 (4,6) 0.97 <end_of_graph>
<bos> (0,1) 0.02 (0,2) 0.42 (0,3) 0.84 (0,4) 0.86 (0,5) 0.16 (0,6) 0.3 (1,2) 0.97 (1,3) 0.95 (1,4) 0.54 (1,5) 0.83 (1,6) 0.95 (2,3) 0.19 (2,4) 0.04 (2,5) 0.6 (3,4) 0.68 (3,5) 0.32 (3,6) 0.64 (4,5) 0.6 (4,6) 0.97 <end_of_graph>
<bos> (0,2) 0.5 (0,3) 0.95 (0,5) 0.16 (1,3) 0.61 (1,5) 0.63 (2,4) 0.11 (2,6) 0.65 (3,4) 0.89 (3,5) 0.52 <end_of_graph>
<bos> (0,2) 0.5 (0,3) 0.95 (0,5) 0.16 (1,3) 0.61 (1,5) 0.63 (2,4) 0.11 (2,6) 0.65 (3,4) 0.89 (3,5) 0.52 <end_of_graph>